939698245 566577647
161497814 96798752
881434804 132594637
648703983 276255841
221858755 224347119
426441861 572333970
475684874 469556643
201441348 273378307
615868504 446400797
528486964 28959696
978315820 486715780
763471034 108355243
576346121 800835267
451178789 704059465
428073391 996320914
683100761 475065422
854345071 718369645
160333282 436751487
303557332 1056021644
710606390 50037637
373152098 329871654
951752023 251471807
727808349 1069372840
80881210 330449055
703736007 108221442
284143531 582002793
986861206 437181007
936144974 203496943
821177605 1007678286
32672444 870900950
384465183 1064651618
796337998 261342109
37607584 731397914
64089445 317168953
315746618 614083513
74929294 1034077113
953897083 374875416
329372569 590049551
640727381 711755038
162335663 64870416
361283339 481344674
230017774 508975300
464681223 20051823
767399323 215275652
278887181 5853717
710770189 383247849
488281536 838829284
956826687 40798585
328684912 314367083
793692488 775644816
615588206 226485577
930394664 228653126
546747474 620232469
421799584 394086706
56626325 131493265
452584674 1033445975
214823580 612719777
649112904 122048100
618305375 793172874
337254736 933607629
507663839 857448178
766243254 525651257
933737154 791210677
172292352 52238505
162258557 58040988
700820629 861978726
933281900 917158937
517089322 387613965
663902407 666491208
354331403 79868400
874694139 884447564
765007069 271119779
844133353 2514034
777687263 620501705
704464921 463786353
532421040 939957054
558032868 1020972567
394975983 457287427
23715268 509342712
774671320 837585888
225942356 914433443
22778307 701184540
11844331 128371826
691534473 5284849
106642061 175096052
275528604 541500217
74143601 464136434
624358481 147623204
435079924 499803520
308237929 16686388
517251533 994238811
889517522 412381722
562537381 183618639
400969296 525243311
951706934 227664340
1072946106 248346709
575806745 1007060324
934341822 294228702
728919815 336551916
741446090 184665238
1 0
0 1
0 0
1 1
2 2
3 0
0 3
